% !TeX spellcheck = en_GB
\documentclass[12pt,fleqn,]{article}


\usepackage[english]{babel}
\usepackage{texfiles/SpeedyGonzales}
\usepackage{texfiles/MediocreMike}
\usepackage{multicol}

\title{Causal inference }
\author{Søren Winkel Holm et al.}
\date{\today}

\fancypagestyle{plain}
{
	\fancyhf{}
	\rfoot{Page \thepage{} of  \pageref{LastPage}}
	\renewcommand{\headrulewidth}{0pt}
}
\pagestyle{fancy}
\fancyhf{}
\lhead{Lala}
\chead{}
\rhead{}
\rfoot{Page \thepage{} of \pageref{LastPage}}

\graphicspath{{imgs/}}
\linespread{1.15}


%TODO: \numberwithin{equation}{section}
%TODO: \numberwithin{footnote}{section}
%TODO: \numberwithin{figure}{section}
%TODO: \numberwithin{table}{section}

\begin{document}

\maketitle

\begin{abstract}

\end{abstract}

\begin{multicols}{2}
	
	
\section{Introduction} 
	
\section{Methods}
\texttt{Code available at \url{github.com/sorenmulli/active_learning_cases}} \newline

\textbf{First experiment:} 25 samples were drawn from the standard dataset. This shows some correlation between B and P, I and P, I and B and B and K.

            I          P          S          B          K          A
count  25.000000  25.000000  25.000000  25.000000  25.000000  25.000000
mean    0.809233   0.737663   0.640000   0.608429   0.597139   1.083144
std     1.182139   2.978524   0.489898   2.893580   0.169545   2.482438
min    -2.005098  -6.655526   0.000000  -7.094593   0.271369  -3.700606
25%     0.439067  -1.232216   0.000000  -0.829224   0.451194  -0.610884
50%     1.003211   0.844233   1.000000   0.598850   0.600251   0.890359
75%     1.285882   3.291850   1.000000   2.647563   0.691653   2.164174
max     3.858524   5.468367   1.000000   5.714203   0.897285   5.826284

       I         P         S         B         K         A
I  1.000000  0.333897 -0.341654 -0.171798  0.291331  0.016965
P  0.333897  1.000000 -0.106066  0.839574  0.414181  0.212517
S -0.341654 -0.106066  1.000000  0.004534 -0.493877 -0.053259
B -0.171798  0.839574  0.004534  1.000000  0.244270  0.132848
K  0.291331  0.414181 -0.493877  0.244270  1.000000  0.079370
A  0.016965  0.212517 -0.053259  0.132848  0.079370  1.000000

\textbf{Second experiment:} 25 samples were drawn from the dataset with intervention on P=1. 
The p-value from the t-test for testing significance of variance also shows that A has a significant difference after intervening on A, so A is probably a descendant of P. 
The same test on mean also shows that B is probably a descendant of P. 
I might also be a parent of B, since I and B got a big negative correlation after intervening on P.
P and K seem correlated, so there could be a connection between these.

            I     P          S          B          K          A
count  25.000000  25.0  25.000000  25.000000  25.000000  25.000000
mean    0.539471   1.0   0.720000   1.220529   0.591986   0.382593
std     1.026998   0.0   0.458258   1.058383   0.192294   1.645327
min    -1.165402   1.0   0.000000  -0.868669   0.263358  -3.771776
25%    -0.185395   1.0   0.000000   0.551464   0.449007   0.091868
50%     0.628475   1.0   1.000000   1.449233   0.613050   0.370300
75%     0.993239   1.0   1.000000   2.138001   0.709600   1.522111
max     2.868669   1.0   1.000000   2.966447   0.924464   2.979486

          I   P         S         B         K         A
I  1.000000 NaN  0.149217 -0.798053  0.371890  0.243146
P       NaN NaN       NaN       NaN       NaN       NaN
S  0.149217 NaN  1.000000  0.054516 -0.280234  0.266055
B -0.798053 NaN  0.054516  1.000000 -0.468356 -0.213180
K  0.371890 NaN -0.280234 -0.468356  1.000000 -0.149651
A  0.243146 NaN  0.266055 -0.213180 -0.149651  1.000000

p val for I mean: 0.3934156484682104
p val I variance: 0.4958559471663381
p val for S mean: 0.5537992160734111
p val S variance: 0.7462341892822236
p val for B mean: 0.32841672851104153
p val B variance: 5.651184112058364e-06
p val for K mean: 0.9203659378534125
p val K variance: 0.5420753358523627
p val for A mean: 0.24621510443236966
p val A variance: 0.04915986030072988




\end{multicols}		

\section{Results}



\begin{multicols}{2}
	
	\section{Discussion}
	

	
	\section{Learning outcomes} 
	
\end{multicols}

\newpage
\begin{thebibliography}{9}
	

	
	
	

\end{thebibliography}




\end{document}

















